11699541
11699542
11699543
11699544
11699538
11699539
11699540
11975302
11975303
11700497
11709652
11975304
11975305
11710529
11710530
11710526
11710527
11710528
11867417
11867418
11867420
11867423
11867425
11867424
11867390
11867393
11867395
11867397
11867400
11867401
11867403
11867405
11867408
11867411
11867412
11867414
11867415
11867416
11867419
11867421
11867391
11867392
11867394
11867396
11867398
11867399
11867402
11867404
11867406
11867407
11867409
11867410
11867413
11867422
11722954
11722955
11722956
11722951
11722952
11722953
11867426
11975306
11975307
11975308
11734750
11867427
11867428
11867429
11867430
11867431
11867432
11867433
11867434
11867435
11867436
11867437
11867438
11867440
11867439
11867442
11867441
11867443
11867444
11867445
11867446
11867447
11867448
11867449
11867450
11867451
11867452
11867453
11867454
11867455
11867457
11867456
11867458
11867459
11867460
11867461
11867462
11867463
11867464
11867465
11867466
11867467
11867468
11867469
11867470
11867471
11867473
11867472
11867493
11745752
11745753
11745749
11745750
11745751
11867479
11867481
11867510
11867514
11867517
11867483
11867485
11867487
11867504
11752507
11867482
11867490
11867498
11867508
11867516
11867500
11867505
11867515
11975404
11757941
11757942
11757943
11757944
11757938
11757939
11757940
11975406
11867476
11867501
11867502
11867506
11975311
11975312
11975313
11975403
11867523
11867256
11867264
11867275
11867281
11867284
11867294
11867480
11867488
11867509
11975314
11867522
11867252
11867270
11867273
11867278
11867292
11769027
11769028
11867348
11867345
11867346
11975409
11867494
11867495
11867492
11867512
11975315
11975318
11975405
11867279
11867283
11867295
11967728
11867309
11867316
11867317
11867335
11867337
11867338
11867341
11975407
11975408
11867474
11867478
11867496
11867497
11867245
11867525
11867260
11867263
11867289
11867303
11867313
11867314
11867328
11867329
11867331
11810792
11810793
11810794
11810868
11810821
11810822
11810765
11810795
11810796
11810757
11810823
11810797
11810772
11810875
11810876
11810877
11810878
11810829
11924388
11868184
11868173
11868155
11868153
11868143
11868142
11867477
11867486
11867489
11867503
11867507
11867511
11867243
11867520
11867521
11867524
11867271
11867288
11867296
11867297
11867311
11867322
11867327
11867334
11867354
11868332
11867475
11867484
11867499
11867518
11867254
11867258
11867268
11867285
11867290
11867293
11867305
11867308
11867318
11867340
11867358
11867360
11867364
11867373
11975309
11975316
11867519
11867247
11867249
11867277
11867280
11867287
11867304
11867306
11867312
11867321
11867323
11867332
11975410
11867365
11868334
11868328
11810824
11810869
11810870
11810803
11810804
11810805
11810806
11810825
11810826
11810871
11810872
11810873
11810827
11810828
11810874
11810807
11810808
11810809
11810810
11810773
11810817
11868325
11868324
11868323
11868322
11868321
11868320
11868319
11868318
11868317
11868316
11868315
11868314
11868313
11868312
11868311
11868310
11868309
11867661
11867660
11867659
11868308
11868307
11868306
11868305
11868304
11868303
11868302
11868301
11868300
11868299
11868298
11868297
11868296
11868295
11868294
11868293
11868292
11868291
11868290
11868289
11868288
11868287
11868286
11868285
11868284
11868283
11868282
11868281
11868280
11868279
11868278
11868277
11868276
11790966
11790967
11790968
11790969
11790963
11790964
11790965
11795557
11795556
11810896
11810897
11810862
11810863
11810864
11810865
11810866
11810867
11810898
11810899
11810900
11810791
11975385
11975400
11867261
11867266
11867298
11867301
11867307
11867320
11867333
11868326
11867369
11867374
11868329
11810766
11810830
11810831
11810832
11810835
11810811
11810812
11810813
11810815
11810816
11810836
11810841
11810879
11810880
11810881
11810882
11810767
11810768
11810769
11810770
11810771
11810775
11810777
11810778
11810842
11810843
11810844
11810845
11810883
11810884
11810885
11810886
11810846
11810847
11810848
11810849
11810887
11810888
11810889
11810890
11810850
11810851
11810852
11810855
11810818
11810819
11800513
11800512
11868275
11868274
11868273
11868272
11868271
11868270
11868269
11868268
11868267
11868266
11868265
11868264
11868263
11868262
11868261
11868260
11868258
11868257
11868256
11868255
11868254
11868253
11868252
11868251
11868250
11868249
11868248
11868247
11868246
11868245
11868244
11868243
11868242
11868241
11868240
11868239
11868238
11868237
11868236
11868235
11868234
11868233
11868232
11868231
11868230
11868229
11868228
11868227
11868226
11868225
11868224
11868223
11868222
11868221
11868220
11868219
11868218
11868217
11868216
11868215
11868214
11868213
11868212
11868211
11868210
11868209
11868208
11868207
11868206
11868205
11868204
11868203
11868202
11868201
11868200
11868199
11868198
11810892
11868196
11868195
11975384
11975393
11975317
11867251
11867282
11867286
11867299
11867302
11867310
11867342
11867343
11867351
11867370
11867371
11868336
11810837
11810838
11810839
11810840
11810853
11810854
11810891
11810893
11810894
11810856
11810857
11810858
11810859
11810787
11810788
11810789
11810758
11810759
11810760
11810761
11810762
11810763
11810779
11810780
11810860
11810861
11810782
11810783
11810784
11810785
11810786
11810790
11810895
11810764
11868194
11868193
11868192
11924387
11868191
11868190
11868189
11868188
11868187
11868186
11868185
11868183
11868182
11868181
11868180
11868179
11868178
11868177
11868176
11868175
11868174
11868172
11868171
11868170
11868169
11868168
11868167
11868166
11868165
11868164
11868163
11868162
11868161
11868160
11868159
11868158
11868157
11868156
11868154
11868152
11868151
11868150
11868149
11868148
11868147
11868146
11868145
11868144
11868141
11868140
11868139
11868138
11868137
11868136
11868135
11868134
11868133
11868132
11868131
11868130
11868129
11868128
11868127
11868048
11975386
11975390
11975394
11867291
11867300
11867315
11867324
11867326
11867330
11867336
11867355
11867363
11868333
11810781
11866998
11866999
11867222
11867224
11867225
11867226
11867227
11867228
11867239
11867240
11867241
11867242
11867244
11867246
11867229
11867230
11867231
11867232
11867233
11867248
11867250
11867253
11867234
11868125
11868124
11868123
11868122
11868121
11868120
11868119
11868118
11868116
11868115
11868114
11868113
11868112
11868111
11868110
11868109
11868108
11868107
11868106
11868105
11868104
11868103
11868102
11868101
11868100
11868099
11868098
11868097
11868096
11868095
11868094
11868093
11868092
11868091
11868090
11868089
11868087
11868086
11868085
11868084
11868083
11868082
11868081
11868079
11868078
11868077
11868076
11868075
11868074
11868073
11868072
11868071
11868070
11868069
11868068
11868067
11868066
11868065
11868064
11868063
11868062
11868061
11868060
11868059
11868058
11868057
11868056
11868055
11868054
11868053
11868052
11868051
11868050
11868049
11868047
11868046
11975389
11975391
11867344
11867356
11867366
11868330
11924393
11867235
11867238
11867001
11867002
11867003
11867004
11867005
11866826
11866830
11867007
11866791
11866793
11866795
11866834
11866836
11866812
11866813
11866815
11866817
11866838
11866839
11866840
11866841
11867012
11867013
11866801
11866805
11866808
11866810
11867255
11867257
11866842
11866843
11866844
11866845
11867014
11867015
11867016
11866846
11866847
11866848
11866849
11866850
11867017
11867018
11866851
11866855
11866858
11866863
11866864
11866983
11866984
11866986
11817268
11817274
11817267
11812465
11812469
11812471
11812459
11812461
11812463
11868045
11868044
11868043
11924389
11868042
11868041
11868040
11868039
11868038
11868037
11868036
11868035
11868034
11868033
11867662
11868032
11868031
11868030
11868029
11868028
11868027
11868026
11868025
11868024
11868023
11868022
11868021
11868020
11868019
11868018
11868017
11868016
11868015
11868014
11868013
11868012
11868011
11868010
11868009
11868008
11868007
11868006
11868005
11868004
11868003
11868002
11868001
11868000
11867999
11867998
11867997
11867996
11867995
11867994
11867993
11867992
11867259
11867038
11867039
11866987
11866988
11867262
11867991
11867029
11867319
11867325
11867339
11867349
11867353
11867357
11867367
11806238
11868117
11868088
11868080
11822490
11867990
11867989
11867987
11867986
11867985
11867984
11867983
11867982
11867980
11867977
11867976
11867975
11867974
11867973
11867972
11867971
11867970
11867969
11867968
11867967
11867966
11867963
11867962
11867961
11867960
11867959
11867663
11867958
11867957
11867956
11867955
11867954
11867953
11867952
11867951
11867950
11867949
11867948
11867947
11867946
11867945
11867944
11867943
11867942
11867941
11867940
11867939
11867938
11867937
11867936
11867935
11867934
11867933
11867932
11867931
11867930
11867929
11867928
11867927
11867926
11867925
11867924
11867923
11867921
11867920
11867919
11867918
11867917
11867916
11867915
11867914
11867913
11867912
11867911
11867910
11867352
11867362
11867372
11868335
11868331
11867350
11867359
11867368
11810820
11867221
11866816
11867141
11975387
11975392
11975395
11975416
11867000
11867006
11866824
11866825
11866827
11866828
11867008
11867009
11866790
11866794
11866832
11866833
11866835
11866837
11867010
11866811
11866814
11866980
11866981
11866982
11867061
11867062
11867063
11867064
11866985
11932661
11866997
11867019
11867979
11867965
11867842
11867909
11926227
11867900
11867899
11867898
11867897
11867896
11867895
11867894
11867893
11867892
11867891
11867890
11867889
11867888
11867887
11867886
11867885
11867884
11867883
11867882
11867880
11867879
11867878
11867876
11867875
11867874
11867873
11867872
11867871
11867870
11867868
11867867
11867866
11867865
11867864
11867863
11867862
11867861
11867860
11867859
11867858
11867855
11867854
11867852
11867851
11867850
11867849
11867848
11867847
11828119
11828120
11828117
11828118
11867844
11867843
11975399
11867236
11866918
11867265
11932682
11932188
11931802
11867988
11867981
11867978
11867964
11867922
11867541
11866922
11867125
11866928
11866929
11866930
11866931
11866937
11866938
11867267
11867269
11867272
11867020
11867021
11867022
11867023
11867024
11867126
11867127
11867128
11867129
11867025
11867026
11867027
11867028
11867130
11867131
11867132
11866923
11866924
11866925
11866926
11866927
11867133
11867134
11867135
11867136
11867274
11867276
11867030
11867031
11867032
11867033
11867034
11867137
11867138
11867140
11867035
11867036
11867037
11924395
11867845
11834226
11867840
11867839
11867838
11867837
11867836
11867835
11867834
11867833
11867832
11867831
11867830
11867829
11867828
11867827
11867826
11867825
11867824
11867823
11867822
11867821
11867820
11867819
11867818
11867817
11867816
11867815
11867814
11867813
11867812
11867811
11867665
11867810
11867809
11867808
11867807
11867806
11867805
11867804
11867803
11867802
11867800
11867799
11867797
11867796
11867795
11867794
11867793
11867792
11867791
11867790
11867789
11867788
11867787
11867786
11867785
11867784
11867783
11867782
11867781
11867780
11867779
11975396
11975413
11866989
11866990
11866991
11924354
11867846
11866952
11866953
11866954
11866796
11866797
11866798
11866799
11866800
11867042
11867043
11867045
11867142
11867143
11867144
11866955
11866956
11866957
11866958
11866959
11867046
11867047
11867048
11867049
11867145
11867146
11867147
11867801
11867798
11867767
11867766
11867689
11867764
11867762
11867760
11867758
11867751
11867750
11867749
11867748
11867747
11867744
11867740
11867738
11867734
11867733
11867686
11867730
11867685
11867729
11867725
11867723
11867722
11867721
11867710
11867703
11867699
11867697
11867696
11867695
11867694
11867220
11867117
11975402
11975411
11850059
11840014
11834225
11924357
11866932
11866933
11866934
11866935
11866936
11867051
11867052
11867053
11867055
11867149
11867150
11867153
11867056
11867057
11867058
11867059
11867155
11867156
11867157
11867158
11866960
11924356
11867688
11867756
11867724
11867718
11867716
11867714
11867692
11867671
11867633
11867632
11867629
11867616
11850061
11850067
11850057
11845116
11845119
11845110
11845112
11845114
11867188
11866967
11867099
11934116
11867841
11867664
11867765
11867728
11867700
11867180
11867079
11866940
11866942
11867658
11867657
11867642
11867640
11867626
11867624
11867094
11855137
11867567
11867566
11867562
11867560
11867761
11867746
11867739
11867736
11867684
11867717
11867705
11867681
11867678
11867677
11867667
11867656
11867618
11867617
11867613
11867603
11867593
11867588
11867577
11867569
11867196
11867197
11975388
11975397
11975414
11931801
11867040
11867877
11867050
11867160
11867763
11867757
11867754
11867743
11867687
11867742
11867066
11867067
11867068
11867069
11867070
11867173
11867174
11867175
11867071
11867072
11867073
11867074
11867075
11867076
11867176
11867177
11867077
11867078
11867082
11866939
11866962
11866819
11866821
11866822
11867186
11867087
11867090
11866866
11866871
11867091
11924355
11867673
11867672
11867670
11867654
11867645
11867636
11867634
11867628
11867625
11867623
11866943
11867190
11867191
11866946
11866947
11866948
11866949
11866950
11866966
11866876
11866970
11867606
11867575
11867558
11867556
11867547
11867544
11866951
11866968
11866969
11866974
11867097
11867192
11867098
11867193
11867194
11867100
11867101
11866976
11956519
11861794
11861793
11912578
11912579
11919339
11919340
11919316
11867540
11919343
11919318
11919345
11919346
11919320
11919347
11919348
11919349
11919321
11919322
11919323
11919351
11919324
11919352
11919353
11919354
11919325
11919355
11919326
11919356
11919357
11919327
11919328
11919358
11919359
11924038
11924039
11924040
11924041
11924042
11924043
11924048
11924044
11924045
11924046
11924049
11924047
11924024
11924005
11924006
11924007
11924008
11924025
11924026
11924027
11924009
11924010
11924011
11924028
11908305
11908299
11908306
11908307
11908308
11908309
11908300
11908301
11908302
11924012
11924013
11924014
11924015
11924016
11924030
11924031
11908310
11908303
11924032
11924033
11924017
11924034
11924018
11924019
11924035
11924020
11924036
11924021
11924037
11923638
11923772
11923639
11923640
11923641
11923773
11923774
11923642
11923775
11923776
11923643
11923644
11923777
11878759
11923645
11923778
11908258
11867537
11923771
11923646
11857150
11857151
11857152
11857148
11857149
11867204
11867205
11867206
11867208
11867209
11867210
11866992
11866979
11867112
11867114
11867115
11867219
11867116
11867118
11867119
11867120
11867121
11867122
11867123
11867124
11866971
11866972
11866973
11866919
11866920
11866978
11975398
11975415
11975417
11924394
11867881
11867853
11867769
11867753
11867719
11867701
11867086
11867089
11955903
11955904
11955906
11867682
11867679
11867669
11867668
11867652
11867643
11867621
11867619
11933360
11867609
11908304
11867605
11867601
11867599
11867584
11867568
11867551
11867545
11933409
11919341
11919342
11878745
11878746
11878747
11956518
11868364
11868363
11923647
11923779
11923780
11923749
11923750
11923781
11923782
11923751
11923783
11923784
11923785
11923786
11923752
11923753
11923754
11923755
11923788
11923756
11923757
11923758
11923759
11923789
11923760
11923761
11923790
11923791
11923762
11923763
11923764
11923765
11923792
11923766
11923793
11923794
11923795
11923768
11923769
11923770
11923796
11923597
11923598
11923599
11923600
11923587
11923588
11923589
11923601
11923602
11923594
11923595
11923590
11923591
11923592
11923603
11923604
11923593
11919494
11919496
11919498
11919488
11919489
11919490
11919499
11919491
11932697
11919493
11919472
11919442
11919470
11919444
11919445
11919446
11919447
11919449
11919473
11919450
11919451
11919474
11919453
11919454
11919455
11919456
11919457
11919475
11919476
11919458
11919477
11919479
11919459
11967729
11908232
11908234
11908235
11908259
11908236
11908260
11908237
11908238
11908239
11908240
11908242
11908243
11908257
11908261
11908244
11908246
11908247
11908248
11908249
11908250
11908252
11908253
11908254
11908262
11908255
11908263
11919480
11919460
11919461
11919481
11919463
11919464
11919465
11919466
11919482
11919440
11919441
11919413
11863763
11919395
11919396
11956209
11933287
11867745
11867737
11867666
11867735
11867182
11866941
11867693
11955905
11955915
11955919
11867651
11867648
11867637
11867622
11867187
11867095
11866944
11867092
11867093
11866945
11867189
11867614
11867607
11867585
11867580
11867579
11867563
11867561
11955922
11867543
11924023
11924029
11875470
11870046
11919372
11919414
11919373
11919415
11919397
11919398
11919416
11919400
11919401
11919402
11919403
11918589
11919404
11918659
11919417
11919418
11919419
11919420
11918660
11919421
11918661
11918662
11919422
11919423
11919405
11919406
11912804
11919407
11918663
11919424
11919408
11919409
11919425
11919410
11919411
11918665
11919377
11919374
11919375
11919378
11919376
11918666
11918667
11918668
11919329
11919360
11918669
11919330
11919331
11919332
11919333
11908201
11919334
11919335
11918813
11919336
11919361
11919338
11912870
11919221
11919227
11919228
11919222
11919223
11918814
11919229
11919226
11912757
11912758
11956206
11956207
11956208
11956210
11956211
11956212
11918818
11867869
11867857
11867741
11867732
11867715
11867708
11866820
11867083
11867183
11955910
11955913
11867674
11867653
11867646
11867644
11867635
11867631
11867630
11933298
11933333
11933354
11933357
11933358
11867611
11867602
11867594
11867592
11867557
11867554
11867550
11933379
11933387
11933407
11933421
11933425
11933453
11933456
11924004
11867538
11933465
11955979
11923767
11919471
11933493
11933498
11933504
11933512
11933516
11933520
11933523
11933527
11933531
11933534
11933538
11933543
11933547
11933551
11933555
11933559
11933563
11933568
11933573
11933577
11933582
11933586
11933591
11933595
11933598
11933610
11933616
11933618
11933622
11933626
11933630
11933635
11933639
11933642
11933645
11933650
11933651
11933654
11933656
11933660
11933661
11933666
11933668
11933672
11933674
11933678
11933680
11933684
11933688
11933689
11933693
11933698
11933701
11933707
11933708
11933711
11933718
11933719
11933723
11933724
11933735
11933736
11933744
11933748
11933750
11933753
11933761
11933767
11933773
11933775
11933789
11933791
11933811
11918864
11920519
11920520
11919022
11918815
11933478
11933624
11924390
11876542
11897995
11896795
11896796
11897996
11896797
11897997
11896798
11897998
11896799
11896800
11896801
11897999
11896802
11896803
11896804
11896805
11898004
11896806
11898005
11896807
11896808
11898006
11896810
11896811
11898007
11898008
11896812
11898009
11896813
11898010
11896815
11896816
11896817
11896818
11896819
11898011
11896820
11896821
11898012
11898013
11898014
11896822
11896823
11896825
11896826
11896827
11896828
11896829
11896830
11896831
11896832
11898015
11896833
11896834
11896835
11896836
11898016
11896837
11898017
11898018
11896838
11896839
11896840
11896841
11896842
11896843
11896844
11896846
11898019
11896847
11896848
11898020
11898021
11896849
11896850
11896852
11896853
11898022
11898023
11898024
11896855
11896856
11898025
11896857
11896858
11896859
11896860
11896861
11896862
11896863
11898026
11898027
11898028
11898029
11896864
11896865
11885913
11896866
11898030
11896867
11898031
11896868
11896869
11898032
11896870
11898033
11896871
11896872
11898034
11898035
11896873
11896874
11896875
11896876
11896877
11898121
11896878
11896879
11898122
11896881
11896882
11896883
11898123
11896897
11896898
11896899
11933942
11933965
11934062
11934083
11955981
11934093
11896901
11867856
11867690
11867768
11867755
11867752
11867720
11867713
11867181
11866818
11866823
11955907
11955908
11955911
11955920
11867676
11867647
11867627
11867620
11933305
11933309
11933315
11867590
11867578
11867571
11867564
11867559
11867555
11933373
11933382
11933415
11933417
11955923
11867542
11933443
11924022
11878748
11933462
11955930
11919452
11908256
11867215
11933731
11933738
11933760
11933779
11933785
11933795
11918812
11933880
11933888
11933482
11933489
11933509
11933522
11933526
11933530
11933535
11933556
11933565
11933570
11933574
11933580
11933583
11933603
11933614
11933628
11933641
11933647
11933664
11933669
11933676
11933692
11933694
11933699
11933704
11933710
11933716
11933721
11933726
11933732
11933746
11933749
11933759
11933766
11933816
11919662
11945836
11934137
11968365
11885242
11885247
11885241
11880199
11880202
11880192
11880194
11880197
11885917
11898216
11898217
11898218
11885918
11898219
11885919
11885920
11898220
11898221
11898222
11885921
11898223
11898224
11885922
11898225
11885923
11885924
11898226
11898227
11885925
11896884
11885926
11885927
11885928
11896885
11885929
11885930
11885931
11885932
11898228
11898229
11885933
11898230
11898231
11885934
11885935
11885936
11885937
11898232
11898233
11885938
11885939
11885940
11898234
11885941
11898235
11885942
11898236
11885943
11898237
11885944
11885945
11898177
11896886
11885946
11885947
11898178
11885948
11885949
11885950
11898179
11885951
11885952
11885953
11885954
11885955
11896887
11885956
11898180
11885957
11896888
11898181
11898182
11885958
11885959
11885960
11898183
11885961
11885962
11898184
11885963
11885964
11896889
11885965
11885966
11898185
11885967
11898186
11898187
11885968
11896890
11885969
11885970
11885971
11885972
11885973
11885974
11885975
11885976
11885977
11885978
11885979
11885980
11885981
11885982
11885983
11898188
11898189
11885984
11885985
11885986
11885987
11896891
11885988
11898190
11933662
11885989
11885990
11886000
11886001
11886002
11886003
11886004
11886005
11886006
11886007
11886008
11886009
11898191
11886010
11886011
11919660
11897191
11867711
11867683
11867709
11867707
11867702
11867698
11867081
11867680
11867650
11933302
11933312
11933318
11933334
11933336
11933355
11867610
11867600
11867596
11867586
11867581
11867572
11867565
11933364
11933377
11933397
11933403
11933427
11933440
11919317
11919344
11919319
11867539
11919492
11919469
11867106
11867217
11918664
11933494
11933500
11933514
11933539
11933549
11933560
11933588
11933592
11933599
11933620
11933633
11933652
11933657
11933681
11933685
11933771
11918816
11919661
11933895
11933902
11933906
11933911
11933913
11933916
11933920
11933929
11933931
11933933
11933935
11933936
11933937
11933945
11933946
11933951
11933955
11933957
11933985
11934064
11934069
11934076
11934079
11934088
11934092
11931800
11933617
11933625
11924392
11888336
11888333
11890275
11897887
11920521
11897888
11897889
11897890
11897891
11897892
11897893
11897894
11897895
11891648
11897896
11897897
11897898
11897899
11897900
11897901
11897902
11897903
11897904
11897905
11897906
11897907
11897908
11897909
11897910
11897911
11897912
11897913
11897914
11897915
11897916
11897917
11897918
11897919
11897920
11897921
11897922
11897923
11897924
11897925
11897926
11897927
11897928
11897929
11897930
11897931
11897932
11920522
11897933
11897934
11897935
11897936
11897937
11920523
11920524
11897938
11897939
11920525
11897940
11897941
11897942
11891649
11891650
11891297
11897943
11897944
11897945
11897946
11920526
11897947
11897948
11897949
11897950
11897951
11897952
11867759
11867727
11867726
11867712
11867706
11867084
11867185
11867655
11867641
11933291
11933300
11933356
11867608
11867604
11867587
11867583
11867574
11867553
11867548
11933365
11933367
11933368
11933372
11933375
11866914
11919350
11979894
11867216
11933757
11919399
11902953
11867704
11867178
11867179
11867085
11867184
11955909
11955916
11867649
11933319
11933324
11933353
11867612
11867591
11867570
11867552
11867549
11933371
11933378
11933399
11933423
11955924
11955926
11955972
11955976
11866996
11933508
11933714
11867211
11867213
11867113
11933800
11933802
11933806
11933809
11933817
11919371
11933871
11933874
11933885
11933505
11933782
11933788
11933801
11933833
11933853
11896794
11896809
11896814
11896824
11896851
11896854
11896880
11933898
11933899
11933903
11933907
11933908
11933915
11933919
11933923
11933924
11933928
11933940
11933941
11933950
11933953
11933967
11933969
11933970
11933973
11933974
11933977
11933979
11933982
11933983
11933987
11933989
11933992
11933993
11933996
11933997
11934000
11934003
11934008
11934010
11934013
11934015
11934018
11934019
11934021
11934028
11934030
11934032
11934035
11934037
11934039
11934042
11934043
11934046
11934047
11934050
11934053
11934055
11934059
11934066
11934070
11934073
11934075
11934080
11934082
11934087
11934090
11934102
11933467
11933472
11933476
11933481
11933486
11933492
11933497
11933502
11933594
11898238
11933702
11898124
11933737
11893880
11933825
11933962
11934005
11897192
11898267
11925371
11925372
11925373
11925374
11925375
11925376
11925377
11919040
11925378
11919041
11925379
11925380
11925381
11925382
11925383
11919042
11925384
11925385
11925354
11925355
11925356
11920549
11925386
11925387
11925388
11925389
11925390
11925391
11925392
11925393
11920550
11925394
11925395
11920551
11925396
11920552
11920553
11925397
11920554
11920555
11920556
11920557
11920558
11920559
11920560
11920561
11920562
11920563
11925398
11925399
11925400
11920564
11925357
11925401
11925402
11925403
11920565
11925404
11920566
11920567
11920568
11925405
11920569
11925406
11925407
11920570
11920571
11920572
11925408
11925409
11920573
11925410
11920574
11925411
11926076
11926083
11926084
11920575
11926085
11920576
11926086
11920577
11920578
11920579
11926087
11920580
11920581
11925358
11926088
11925359
11926089
11920582
11926090
11920583
11920584
11926136
11920585
11926137
11926138
11920586
11920587
11926139
11920588
11926140
11897776
11926141
11926142
11920589
11926143
11920590
11926144
11920591
11925360
11926145
11920592
11926146
11926147
11926148
11897953
11920593
11920594
11920595
11920596
11926149
11920597
11920598
11920599
11926150
11926151
11926152
11926153
11896488
11896489
11892520
11892521
11892522
11892523
11892517
11892518
11892519
11867731
11866961
11867088
11955912
11955914
11867675
11933323
11933339
11933347
11933359
11867589
11867573
11867546
11933370
11933374
11933395
11933419
11955928
11955943
11955945
11955971
11867212
11867111
11933799
11933883
11933739
11925367
11933796
11924391
11933822
11933827
11933838
11933873
11933878
11933881
11934023
11934106
11934108
11934111
11934112
11934114
11934118
11934120
11934122
11934123
11934125
11934126
11934127
11934129
11934131
11934132
11934134
11934139
11934143
11907927
11908088
11934147
11934148
11933429
11933433
11933435
11933439
11933442
11933445
11933448
11933451
11933454
11933457
11933460
11933464
11933507
11933511
11933515
11933519
11933524
11933528
11933532
11933545
11933548
11933557
11933561
11933566
11933571
11933579
11933584
11933597
11933601
11933604
11933609
11933613
11933621
11933629
11933632
11933636
11933638
11933640
11933643
11933646
11933653
11933658
11933665
11932695
11932696
11933695
11933697
11933709
11933725
11919659
11919658
11919663
11945835
11908152
11908153
11901996
11934084
11934086
11968366
11901994
11901995
11901997
11901993
11900232
11900234
11902484
11902483
11926176
11926177
11920600
11926178
11920601
11920602
11920603
11909271
11920604
11909198
11926197
11909276
11926228
11920605
11920606
11920607
11920608
11920609
11926229
11926179
11920610
11920612
11920613
11920614
11920615
11920616
11920617
11920618
11920620
11926230
11926232
11926233
11920621
11920622
11909272
11926234
11926235
11920623
11926236
11926237
11926238
11926240
11926241
11920624
11920625
11920626
11920627
11926242
11920628
11920629
11926243
11920630
11926244
11926245
11926246
11920631
11926247
11926248
11926253
11920632
11920633
11920634
11920635
11926254
11920636
11926255
11926256
11926257
11926258
11909199
11920637
11920638
11920639
11926259
11926180
11926260
11926261
11926181
11926182
11920640
11920641
11926264
11926183
11920642
11920643
11920644
11920645
11920646
11920647
11920648
11926309
11926184
11926310
11926313
11920650
11926314
11926315
11926316
11926331
11926332
11926333
11926334
11920652
11920653
11920654
11920655
11926335
11926336
11926337
11920656
11926338
11926339
11920657
11926340
11920658
11920659
11926341
11926185
11920660
11926342
11926186
11926343
11920661
11926344
11926345
11909200
11926187
11926188
11926189
11926190
11926346
11926191
11926192
11926347
11926351
11926193
11934231
11934237
11934250
11933386
11933338
11933307
11933311
11933330
11867597
11867595
11933369
11933376
11933401
11933405
11933411
11933430
11933432
11933450
11955925
11955956
11955958
11867207
11919467
11867214
11867218
11933755
11919412
11933877
11898192
11934135
11934141
11975327
11933536
11933541
11933575
11933648
11933690
11933715
11933720
11933728
11933733
11933747
11933752
11933758
11955984
11933764
11933770
11933776
11933781
11933787
11933793
11933798
11933803
11933807
11933814
11933818
11933832
11933840
11933847
11933854
11933864
11933872
11933875
11933882
11933887
11933890
11933893
11933897
11933901
11933905
11933910
11933912
11933917
11933921
11933927
11933932
11933938
11933944
11933948
11933952
11933958
11933966
11933971
11933975
11933980
11933986
11933990
11933994
11933999
11934007
11934009
11934011
11934014
11934016
11934029
11934045
11934049
11934061
11934091
11934096
11934206
11934209
11934212
11934213
11934214
11925413
11934233
11934236
11956213
11925416
11925417
11933385
11907587
11904337
11919133
11919134
11919135
11919136
11919137
11919138
11919139
11919140
11908857
11919141
11919142
11919143
11919144
11919145
11919146
11919147
11919148
11919149
11908858
11919150
11919151
11919152
11919153
11919154
11919155
11919156
11908860
11919157
11919158
11919159
11919160
11919161
11919162
11919167
11909201
11919168
11919169
11919170
11909202
11919171
11919172
11919173
11919174
11919175
11919176
11919177
11919178
11919179
11919180
11919181
11919182
11919183
11919184
11919185
11919186
11919187
11919188
11919189
11919190
11919191
11919192
11919193
11919194
11919195
11919196
11919197
11919198
11919199
11919200
11919201
11919202
11919203
11919204
11919205
11919206
11919207
11919208
11919209
11919210
11919211
11919212
11933389
11933391
11933394
11933398
11933408
11933410
11933412
11933414
11933426
11933428
11933461
11919213
11919214
11919215
11919216
11919217
11919218
11909203
11919219
11933513
11933521
11933525
11933529
11933554
11955921
11933293
11933304
11933321
11933328
11867615
11867576
11933366
11933384
11933413
11866975
11933459
11955931
11955933
11867107
11867110
11933763
11933862
11919225
11933518
11898215
11955982
11920672
11920673
11925323
11925903
11926370
11934054
11934089
11934099
11934104
11934113
11920859
11934121
11934124
11934133
11934136
11934140
11934142
11934146
11934149
11934150
11934152
11934153
11934154
11934155
11934156
11934157
11934158
11934159
11934161
11934162
11934163
11934164
11934165
11934166
11934167
11934168
11934169
11934170
11934172
11934173
11934174
11934176
11934177
11934178
11934179
11934180
11934181
11934182
11934183
11934184
11934186
11934187
11934188
11934189
11934190
11934191
11934192
11934193
11934195
11934196
11934197
11934198
11934199
11934200
11934201
11934202
11934203
11934204
11934215
11934216
11934217
11934219
11934220
11934222
11934228
11934229
11934248
11934251
11933380
11909724
11933517
11933562
11912555
11912556
11912557
11925904
11925905
11925906
11925907
11925908
11925909
11925910
11925911
11925912
11925913
11925914
11925915
11925916
11925917
11925918
11925919
11925920
11925921
11925922
11925923
11925924
11925925
11925926
11925927
11925928
11925929
11925930
11925931
11925932
11925933
11925934
11925935
11925936
11925937
11925938
11925939
11925940
11925941
11925942
11925943
11925944
11925945
11925946
11925947
11925948
11925949
11925950
11925951
11925952
11925953
11925954
11925955
11925956
11925957
11925958
11925959
11925960
11925961
11925962
11925963
11925964
11925965
11925966
11925967
11925968
11925969
11925970
11925971
11925972
11925973
11925974
11925975
11926371
11926446
11926447
11926448
11926449
11925995
11925979
11925980
11925981
11925982
11925983
11925984
11926450
11926451
11919879
11926452
11926453
11919890
11926454
11926455
11926456
11926457
11926458
11926459
11926460
11926461
11926462
11926463
11926464
11926465
11926466
11926467
11926468
11926470
11926471
11926472
11926473
11926474
11926475
11926476
11926477
11926478
11926479
11926480
11926481
11926482
11926483
11926484
11926485
11939474
11939475
11939476
11939477
11939478
11939438
11939439
11939440
11939441
11939479
11939480
11939481
11939482
11939483
11933631
11933637
11933682
11933700
11933717
11933722
11933829
11933870
11933876
11933896
11933930
11933981
11933998
11934002
11939484
11939617
11939511
11939512
11939501
11939618
11939619
11939485
11939486
11939487
11939488
11939489
11939620
11934052
11934060
11933294
11933296
11933314
11867582
11933390
11867195
11955960
11955970
11955980
11975320
11933858
11919224
11933608
11918817
11934025
11934056
11934051
11955986
11934065
11934107
11956143
11934110
11934119
11920611
11920619
11920649
11920651
11920674
11934225
11934242
11934245
11920675
11933393
11933396
11933400
11933402
11933416
11933418
11933420
11933422
11933434
11933438
11933441
11933444
11933458
11933463
11933474
11933483
11933485
11933487
11933491
11933495
11933496
11933499
11933501
11933503
11933506
11933510
11933533
11933546
11933550
11933558
11933567
11905413
11945833
11945834
11920676
11934006
11934012
11934022
11934026
11934031
11934034
11919519
11914731
11914732
11914734
11914725
11914727
11914729
11920677
11920678
11925418
11925419
11920679
11920680
11920681
11920682
11920683
11920684
11925420
11919087
11920685
11920686
11920687
11920688
11920690
11920691
11920692
11920693
11920694
11920695
11920696
11920697
11920698
11920699
11920700
11920701
11919727
11920702
11920703
11920704
11920705
11920706
11920707
11920708
11925427
11920709
11920710
11920711
11920712
11920713
11920728
11920729
11919092
11920730
11920731
11920732
11920733
11920734
11920735
11920736
11920737
11920738
11920739
11920740
11920741
11920742
11920743
11920744
11920745
11920746
11920747
11920748
11920749
11925436
11920750
11920751
11920752
11920753
11920754
11925438
11920755
11920756
11920757
11920758
11920759
11920760
11920761
11920762
11920763
11920764
11920765
11920766
11920767
11920835
11920836
11920837
11920838
11920839
11920840
11968367
11918783
11918784
11918785
11918786
11918787
11918782
11919524
11919517
11933281
11933285
11933286
11933292
11933295
11920841
11920842
11919088
11920843
11920844
11920845
11920846
11920847
11920848
11920849
11920850
11920851
11920852
11920853
11920854
11920855
11920856
11920857
11920858
11933299
11933303
11867598
11933388
11933392
11933468
11867104
11867109
11933813
11933867
11933544
11933552
11933612
11933810
11933844
11934077
11934117
11934227
11934241
11933381
11933404
11933406
11933424
11933431
11933447
11933452
11933455
11933466
11933470
11933473
11933477
11933479
11933490
11933615
11933756
11933762
11933772
11933790
11933797
11933815
11933836
11933850
11933860
11933879
11933891
11933900
11933904
11933914
11933922
11933939
11933943
11933947
11933954
11933960
11933964
11933976
11933984
11933991
11934017
11934067
11934074
11925423
11925424
11925425
11925426
11925428
11925429
11925430
11925431
11925432
11925433
11925434
11925435
11925437
11925439
11925440
11925441
11933288
11933290
11925442
11925443
11925444
11925445
11925446
11923334
11923331
11924962
11925447
11925448
11925449
11925450
11925451
11925452
11925453
11925454
11925455
11925456
11925457
11925458
11925460
11925461
11925462
11925463
11925464
11925465
11925466
11925467
11925468
11925469
11925470
11925471
11925472
11925473
11925474
11925475
11925476
11925477
11925478
11925479
11925480
11925481
11925482
11925483
11925484
11925485
11925486
11925487
11925488
11925489
11925490
11925491
11925492
11925493
11925494
11925495
11925496
11925497
11925498
11925499
11925500
11925501
11925502
11925503
11925504
11925505
11925506
11925507
11925508
11925509
11925510
11925511
11925512
11925513
11925514
11925515
11925516
11925517
11925518
11925519
11925520
11925521
11925522
11925523
11925524
11923787
11923596
11919495
11919497
11919443
11908233
11908245
11866995
11919468
11919439
11867105
11933340
11955929
11955936
11955949
11955953
11955965
11955967
11955969
11866993
11955985
11955989
11932681
11925415
11934238
11934240
11933383
11937381
11933540
11933542
11933569
11933572
11933576
11933578
11933581
11933585
11933590
11933593
11933596
11933600
11933607
11933611
11933619
11933623
11933627
11933644
11933649
11933655
11933659
11933663
11933670
11933675
11933686
11933691
11933696
11933705
11933712
11933727
11933734
11933740
11933745
11933751
11933768
11933778
11933786
11933804
11933808
11933821
11933843
11933886
11933894
11933909
11933918
11933926
11933934
11933968
11933972
11933988
11933995
11934036
11934044
11934048
11955996
11955998
11934063
11939079
11932680
11929484
11933308
11933310
11933313
11933316
11933317
11933320
11933322
11933325
11933327
11933329
11933331
11932735
11932734
11927313
11927315
11937383
11937384
11937385
11937386
11937387
11937388
11937389
11937390
11937391
11937392
11937393
11937394
11938214
11937395
11937396
11937397
11937398
11937399
11937400
11931623
11937432
11937433
11937434
11937435
11937436
11937437
11937438
11937439
11937440
11937441
11937442
11937443
11937444
11937445
11937509
11937510
11937511
11937512
11937513
11937514
11937515
11937701
11938215
11938216
11938217
11938219
11938225
11938226
11938227
11938228
11938229
11938231
11938232
11938233
11938234
11938235
11938236
11938237
11938238
11938239
11938240
11938241
11938242
11938243
11938244
11938245
11938246
11938247
11938248
11938249
11938250
11938251
11938252
11938253
11938254
11938255
11938256
11938257
11938258
11938259
11937232
11938260
11938261
11938263
11938264
11938265
11938266
11938267
11938268
11938269
11938270
11938271
11938272
11938273
11938274
11938275
11938276
11938277
11938278
11938279
11938280
11938281
11938282
11938283
11938284
11938285
11938286
11938287
11931381
11931382
11931383
11927312
11927314
11927310
11927311
11975412
11955946
11955954
11955963
11955975
11933484
11955993
11956822
11925414
11956834
11956847
11956850
11956854
11956857
11956872
11956875
11956881
11956883
11956887
11956891
11956894
11956900
11956902
11956911
11956914
11956916
11956918
11956920
11956922
11956924
11956925
11956926
11956927
11956928
11956929
11956930
11956931
11956932
11956933
11956934
11956935
11956936
11956937
11956938
11956939
11956941
11956947
11956948
11956949
11956950
11956952
11956953
11956954
11956955
11956957
11956959
11956962
11956963
11956964
11956965
11956966
11956967
11956968
11956969
11956970
11956971
11956979
11979611
11979612
11938171
11979622
11973057
11956871
11939081
11939096
11939442
11956884
11956132
11938168
11938169
11938170
11938167
11936427
11936424
11938759
11938758
11939252
11939258
11939265
11939268
11939269
11939270
11939271
11939272
11939273
11939274
11939275
11939276
11939277
11939278
11939279
11939280
11939281
11939303
11939304
11939305
11939306
11939307
11939308
11939309
11939310
11939311
11939312
11939313
11939314
11939315
11939316
11939317
11939318
11939319
11939320
11939321
11939322
11939323
11939324
11939325
11939326
11939327
11939328
11939329
11939330
11939331
11939332
11939333
11939334
11939335
11939336
11939337
11939338
11939339
11939340
11939341
11938305
11939342
11939343
11939344
11939345
11939346
11939347
11939348
11939349
11939350
11939351
11939352
11939353
11939354
11939355
11939356
11939357
11939358
11939359
11939360
11939361
11939362
11939363
11939364
11939365
11939366
11939367
11939368
11939369
11939370
11939371
11939372
11939373
11939374
11939375
11939376
11939377
11939378
11939379
11939380
11939381
11939382
11939383
11939384
11939385
11939386
11939387
11939388
11939389
11939390
11939391
11939392
11939393
11939394
11939395
11939396
11939397
11939398
11939399
11939400
11939401
11939402
11939403
11939404
11939405
11956824
11956832
11956838
11956846
11956618
11956621
11956629
11956632
11956636
11956640
11956644
11956648
11956652
11956657
11956659
11939406
11939407
11939408
11939409
11939410
11939411
11939412
11939413
11939414
11939415
11939416
11939417
11939418
11939419
11939420
11939421
11939422
11939423
11939424
11956692
11956695
11956697
11956706
11956669
11975401
11955917
11955935
11955962
11955978
11933471
11955992
11955994
11956868
11956877
11956879
11956885
11956000
11956898
11956904
11956906
11956908
11956910
11944562
11956940
11956951
11956956
11956983
11956985
11956989
11956990
11956991
11956992
11956993
11956994
11956995
11956996
11956997
11956998
11956738
11956739
11956743
11956747
11956751
11956754
11956758
11956762
11956763
11956767
11956771
11956775
11956776
11956779
11956782
11956785
11956788
11956791
11956793
11956796
11956798
11956801
11956804
11956807
11956810
11956813
11956816
11956821
11956827
11956831
11956835
11956840
11956845
11956848
11956852
11956856
11956859
11956862
11956865
11956873
11956876
11945037
11956897
11956903
11945038
11945039
11962224
11962225
11945040
11945041
11945042
11945043
11956666
11956683
11945232
11945233
11945234
11956709
11956711
11956714
11940749
11945235
11945236
11945237
11945238
11945239
11945240
11945241
11945242
11945243
11945244
11945245
11945246
11945256
11945257
11945258
11945259
11945260
11945261
11945262
11945263
11945264
11945265
11945266
11945267
11945268
11945269
11945270
11945271
11945272
11945273
11945274
11945275
11945276
11945277
11945278
11945279
11945280
11945281
11945282
11945283
11945284
11945285
11945286
11945287
11945288
11945289
11945290
11945291
11945292
11945293
11945294
11945295
11945296
11945297
11945298
11945299
11945300
11945301
11945302
11945303
11945304
11945305
11945306
11945307
11945308
11945309
11945310
11945311
11945312
11945313
11945314
11945315
11945316
11945317
11945318
11945319
11956723
11956726
11956731
11956734
11956742
11956753
11956766
11956786
11956789
11956812
11956815
11956836
11945320
11945321
11945322
11945323
11945324
11945325
11956867
11956572
11956579
11956585
11955918
11955927
11955934
11955937
11933742
11975321
11975322
11975324
11955990
11956002
11956986
11956880
11956886
11956901
11956905
11956909
11956915
11956917
11956919
11956921
11956923
11956686
11956691
11956694
11956698
11956701
11956704
11956707
11956710
11956713
11956716
11956719
11956722
11956725
11956728
11956732
11956735
11956740
11956744
11956748
11956752
11956756
11956760
11956765
11956769
11956773
11956777
11956780
11956784
11956787
11956790
11956794
11956797
11956799
11956802
11956805
11956808
11956811
11956814
11956817
11956820
11956828
11956842
11956625
11956663
11956673
11956677
11956688
11956720
11948822
11956570
11956581
11948824
11948826
11948827
11948829
11948619
11962073
11962074
11962075
11962076
11962077
11962078
11962079
11962080
11962081
11962082
11962083
11962084
11962085
11962086
11962087
11962088
11962089
11962090
11962091
11962092
11955310
11962093
11962094
11962095
11962096
11962097
11962098
11962099
11962100
11962101
11962102
11962103
11962104
11962105
11962106
11962107
11962108
11962109
11962110
11962111
11962112
11962113
11962114
11962115
11962116
11962117
11962118
11962119
11962120
11962121
11962122
11962123
11962124
11962125
11962126
11962127
11962128
11962129
11962130
11962131
11962132
11962133
11962134
11962135
11962136
11962137
11962138
11962139
11962140
11962141
11962142
11962143
11962144
11962145
11962146
11962147
11962148
11962149
11962150
11962151
11962152
11962153
11962154
11962155
11962156
11962157
11962158
11955311
11962159
11962160
11962161
11962162
11962163
11962164
11962165
11962166
11962167
11962168
11962169
11962170
11962171
11962172
11962173
11962174
11962175
11962176
11962177
11962178
11962179
11962180
11962181
11962182
11962183
11962184
11962185
11962186
11962187
11962188
11962189
11962190
11962191
11962192
11962193
11962194
11962195
11962196
11962197
11962198
11962199
11962200
11962201
11962202
11962203
11962204
11962205
11962206
11962207
11956598
11956600
11956603
11956605
11956608
11956610
11956613
11956616
11956619
11956623
11956626
11962208
11962209
11962210
11962211
11962213
11962214
11962215
11962216
11962217
11962218
11962219
11962220
11962221
11962222
11962223
11956635
11956649
11956651
11962212
11955932
11955974
11955977
11975323
11975328
11975329
11955987
11955988
11955995
11956882
11956899
11956907
11956913
11956680
11956699
11956703
11956729
11956737
11956745
11956749
11956757
11956761
11956770
11956774
11956778
11956781
11956783
11956792
11956795
11956800
11956803
11956806
11956809
11956818
11956823
11956826
11956830
11956833
11956841
11956844
11956849
11956853
11956855
11956858
11956861
11956864
11956567
11956577
11956588
11975330
11979616
11979617
11979613
11962226
11956645
11956133
11955030
11955031
11955032
11955033
11955034
11955029
11955506
11955510
11955503
11951008
11951011
11951002
11951004
11951006
11962227
11962228
11962229
11962230
11962231
11962232
11962233
11962234
11962235
11962236
11962237
11962238
11962239
11962240
11962241
11962242
11962243
11962244
11962245
11962246
11962247
11962248
11962249
11962250
11962251
11962252
11962253
11962254
11962255
11962256
11962257
11962258
11962259
11962260
11962261
11962262
11962263
11962264
11962265
11962266
11962267
11962268
11962269
11962270
11962271
11962272
11962273
11962274
11962275
11962276
11962292
11962293
11962294
11962295
11962296
11962297
11962298
11962299
11962300
11962301
11962302
11962303
11962304
11962305
11962306
11962307
11962308
11962309
11962310
11962311
11962312
11962313
11962314
11962315
11962316
11962317
11962318
11962319
11962320
11962321
11962322
11962323
11962324
11962325
11962326
11962327
11962328
11962329
11962330
11962331
11956727
11956730
11956733
11956746
11956750
11956755
11956759
11956764
11956768
11956538
11956539
11956540
11956541
11956542
11956543
11956544
11956545
11956546
11956547
11956548
11956549
11956550
11956551
11956552
11956553
11956554
11956555
11956556
11956557
11956558
11962332
11962333
11962334
11962335
11962336
11962337
11962338
11962339
11962340
11962341
11962342
11962343
11962344
11962345
11962346
11962347
11962348
11962349
11962350
11956564
11956565
11956566
11956569
11956575
11956576
11956580
11956582
11956214
11956215
11967960
11967964
11962351
11962352
11962353
11962354
11962355
11968798
11968159
11968757
11968799
11968800
11968801
11968802
11968803
11968804
11968805
11968806
11968807
11968808
11968809
11968810
11968811
11979618
11968813
11968814
11968815
11968816
11968817
11968818
11968819
11968820
11968821
11968822
11968823
11968824
11968825
11968826
11968827
11968828
11968829
11968830
11968831
11968832
11968833
11968834
11968835
11968836
11968837
11968838
11968839
11968840
11962356
11962357
11962358
11962359
11962360
11962361
11970227
11970228
11970229
11962362
11962363
11962364
11962365
11962366
11962367
11962368
11962369
11962370
11962371
11962372
11967730
11970231
11962373
11962374
11958777
11958774
11961214
11962376
11962377
11962378
11962379
11962380
11962381
11962382
11962383
11962384
11962385
11962386
11962387
11962388
11962389
11962390
11962391
11962392
11962393
11962394
11962395
11962396
11962397
11962398
11962399
11962400
11962401
11962402
11962403
11962404
11962405
11962406
11962407
11962408
11962409
11962410
11962411
11962412
11962413
11962414
11962415
11962416
11962417
11962418
11962419
11962420
11962421
11962422
11962423
11962424
11962425
11962426
11962427
11962428
11962429
11962430
11962431
11962432
11962433
11962434
11962435
11962436
11962437
11962438
11962439
11962440
11962441
11962442
11962443
11962444
11962445
11962446
11962447
11962448
11962449
11970232
11979521
11979522
11967448
11979523
11979524
11979525
11979527
11979529
11979530
11968016
11973607
11973613
11973619
11973621
11973630
11973640
11973641
11973642
11973644
11973645
11973647
11973648
11968167
11968178
11968181
11968186
11968528
11968530
11968756
11973649
11973650
11973652
11973654
11973658
11973661
11973665
11973667
11973669
11973671
11973673
11973678
11973679
11973682
11973684
11973685
11973686
11973687
11973688
11973689
11973690
11973691
11973692
11973693
11973696
11973697
11970230
11967208
11973751
11973752
11979630
11968212
11968211
11963741
11963743
11972321
11972322
11972324
11972325
11972326
11972327
11972328
11972330
11972331
11972332
11972333
11972334
11972335
11972336
11972337
11972338
11972339
11972340
11972341
11972342
11972343
11972344
11972345
11972346
11972347
11972348
11972349
11972350
11972351
11972352
11972353
11972354
11972355
11972356
11972357
11972358
11972359
11972360
11972361
11972362
11972363
11972364
11972365
11972366
11972367
11972368
11972369
11972370
11972372
11972373
11972374
11972375
11972376
11972377
11972378
11972379
11972380
11972381
11972382
11972383
11972384
11972385
11972571
11972572
11972573
11972574
11972575
11972576
11972577
11972578
11972579
11972580
11972581
11972582
11972583
11972584
11972585
11972586
11972587
11972588
11972589
11972590
11972591
11972592
11972593
11972594
11972595
11972596
11972597
11972598
11972599
11972600
11972601
11972602
11972603
11972604
11972605
11972606
11972607
11972624
11972625
11972626
11972627
11972628
11972629
11972630
11972631
11972632
11972633
11972634
11972635
11972636
11972637
11972638
11972639
11972640
11972641
11972642
11972643
11972644
11972645
11972646
11967449
11967450
11967451
11963740
11963742
11963737
11963738
11963739
11979520
11979526
11979528
11973612
11973615
11972982
11973627
11973633
11973635
11973698
11973700
11973702
11973703
11973706
11973707
11973708
11973709
11973710
11973711
11973712
11972983
11972984
11979620
11979621
11979619
11979628
11979629
11972919
11972988
11972989
11972990
11972991
11979895
11972916
11972917
11972918
11972920
11972915
11971026
11971028
11973786
11973785
11972993
11972994
11972995
11972996
11979648
11979649
11979650
11979651
11979652
11979653
11979654
11979655
11979656
11979657
11979658
11979659
11979660
11979661
11979662
11979663
11979664
11979665
11979666
11979667
11979668
11979669
11979672
11979673
11979674
11979675
11979676
11979677
11979678
11979679
11979680
11979681
11979682
11979683
11979685
11979686
11979687
11979688
11979689
11979690
11979691
11979692
11979693
11979694
11979695
11979696
11979697
11979698
11979699
11979700
11979701
11979702
11979703
11979704
11979705
11979706
11979709
11979710
11979711
11979712
11979713
11979714
11979715
11979716
11979717
11979718
11979719
11979720
11979721
11979722
11979723
11979724
11979725
11979726
11979727
11979728
11979729
11979730
11979731
11979732
11979733
11979734
11979735
11979736
11979737
11979738
11979739
11979740
11979741
11979742
11979743
11979744
11979746
11979747
11979748
11979749
11979750
11979751
11979752
11979753
11979754
11979755
11979756
11979757
11979758
11979759
11979760
11979761
11979764
11979767
11979768
11979769
11979770
11979531
11973704
11956559
11975969
11987240
11945231
11984050
11984052
11984054
11984158
11991171
11991173
11991175
11991177
11991179
11991169
11992151
11992144
11987236
11987238
11987241
11987230
11987232
11987234
11992146
11995223
11997543
12001039
12004905
12004904
11999667
12003954
12003955
12003956
11999666
11999668
11999664
11999665
12009736
12009733
12009734
12009735
12009737
12009731
12007775
12010379
12010378
11955973
12015182
12011351
12016115
12012499
12024945
11955968
12207461